522
849598327
822889311
446755913
526239859
548830120
181424399
715477619
342858071
625711486
448565595
480845266
647639160
467825612
449656269
160714711
336869678
545923679
61020590
573085537
816372580
626006012
389312924
135599877
547865075
511429216
605997004
561330066
539239436
921749002
650693494
63219754
786119025
849028504
632532642
655702582
285323416
611583586
211428413
990607689
590857173
393671555
560686330
679513171
501983447
804191227
595605750
185676190
607140217
353669349
975361464
763371317
296459007
388876063
395940406
867977435
91986808
649810444
848680263
249403991
676201719
589114697
632723121
883735100
350763703
868094715
522202490
154945342
622267108
311130894
753246258
13088544
92114807
743314691
849551810
469786584
542652638
998162926
546838875
712009693
183313489
201398242
159760440
816249993
412103839
756764518
195282969
722460568
450793610
979780191
953546232
492197753
367487969
2676986
641467344
48946904
443507707
532147443
592048652
794863955
220046203
85488350
830257761
62190969
602982864
133433399
512360334
249519268
269089955
706277914
823076990
763878605
664543503
860629446
201424080
853308909
871539684
881046497
504667277
161055688
73308100
692388097
444888018
399623565
401618300
39944007
403642447
409974917
514735355
903972329
542006342
353505649
709774996
498365497
93130607
966307226
639336161
753940210
429014248
477195779
115484143
170874119
415891345
81019893
779279906
222141311
534003430
754153930
306677629
450464087
751365018
759985962
326022619
971531605
467400369
350239483
330561545
318406992
647773264
1886864
113316366
810112379
801141060
708426597
147792453
417536200
414210634
205576634
22150727
414107912
568204776
557631733
140275628
468278658
488822087
806137988
849202656
275976190
520723210
383140962
160589959
81857960
644464578
100619633
70517295
707793166
132508024
24539167
845083678
314066713
509676517
44558618
981372779
318891054
283079237
285093436
907256321
414759796
652683534
79042330
249010687
7020063
309415438
788425492
138577429
714835649
954204512
795507844
389962019
507308352
408180613
194676444
44962879
922688019
101163040
327953325
560462120
183657590
273616448
226876035
233697890
720185285
689340674
372938362
15088928
283418109
796807778
149989495
694808087
276385512
318390928
789081312
242829378
794364023
402127003
503811256
902968793
688345634
610858472
34675204
989833383
881103445
842813570
257257617
737571042
392165697
721735267
290835305
858916123
54359966
488135242
439261835
689038827
35994330
294431279
359623093
797048783
497140394
46265148
118376683
796799115
693586169
668773827
479498871
833799626
810765149
315777484
500150364
258535604
817861341
167794516
598207395
528348421
348429809
23215822
116925841
775032837
746960141
287113365
178280863
771240743
143997978
934677835
873966806
457881173
54057531
983206610
925719726
857119526
780206765
764820747
50092962
239010309
597748172
607539685
70663703
346892805
250165344
687316171
216598847
23138837
348034594
880013416
798834446
68462520
891234251
704502692
56157847
994095574
766897123
229201036
786799
718588356
94146493
388597517
386576826
857652903
403306442
591339377
104163021
116744184
329303830
129586135
648382742
23540593
477454261
177707077
851174031
129933047
464294985
86335353
893588013
162659401
145291340
802436733
916523881
186080925
304973529
134394102
247631614
792157434
809014291
944380729
950778206
256998656
335635895
979522399
523938839
167849467
22438842
109378997
128408775
541695100
282608895
5886223
751491209
592379947
77814981
308811749
381966915
661605112
690594268
111320504
366248673
262917512
23400615
692717061
619315470
511373891
469383230
569231264
566237741
263593546
613464522
637078930
675645627
535263873
225064166
182148581
654353213
895390402
398649614
802153704
526473179
392984764
917713121
989222712
955828702
332211748
385669688
28496614
617351072
517550584
889011507
874682073
167458327
827520668
977910517
624878749
950548839
745591581
107835586
992924495
443223298
358692437
131578078
365811031
85974877
459393128
768183438
83593393
92899668
795547415
764708910
568793230
868083202
676476461
631746194
64013839
428525427
567352506
154155157
900786318
828666453
376790241
368338972
610205009
842225782
500939654
148227261
196433080
67939183
819818812
482137968
39283741
282101980
406773858
253030718
670062994
466910579
252063165
290913261
789360291
637943483
17096559
766405565
804429679
84257473
574087672
682206981
926560922
600021616
682445370
652604027
201314351
927105156
679340342
660728814
383622075
285589314
182284197
687206515
31124020
27662047
326058514
156545435
590310385
192593521
321700744
777412132
990038735
806894778
96122313
176239779
547637388
323210461
35653200
511887643
976452260
242864826
279740888
181955557
920559861
372723449
447181609
826720343
622156745
203298686
710918650
838194246
580762090
707052188
907287756
341123612
41476794
707952930
598154395
342610123
417976248
337559654
769913440
196375870
173337362
176944354
592907291
604654771
385486788
326640935
642680254
437170554
638572318
881717794
951978982
908566479
797638095
237171256
931168386
791228334
221969252
857964611
52734986
410850715
327359101
