100
3016
6469
3835
3298
2940
2241
8252
6479
5697
8490
8063
2058
8109
7701
9388
7255
9155
2271
6007
7223
4700
8831
2394
1203
7786
1388
8110
2246
4979
8391
8703
2330
6822
9280
3922
8196
3182
4320
7150
8029
4623
7116
1064
5728
6966
9068
9867
5745
3389
9252
1696
9369
8300
1724
9007
4399
5363
3956
8688
6161
8384
7081
1006
8459
6545
7588
1923
8293
9916
5043
1400
9250
6703
1990
1724
1619
5796
7537
4729
6890
4130
3539
2027
8621
2913
1310
4926
3829
8247
5791
8112
5408
3812
8191
3138
1383
4372
5599
6810
4097
