100
761526 88965 235276 468805310114
742200 38126 33156 312929945905
67632 26331 751329 632381419745
211124 49278 496642 607575281604
69659 22370 832866 974362345811
462853 113286 543706 683264277522
916919 425029 355310 426177746962
10073 4510 258199 666336895073
348876 5536 159794 201487014645
18972 365 195553 666739353055
861562 34961 344516 260661020998
626663 121752 528774 925953637189
430156 154616 974118 498202714477
963023 428554 685025 317757931592
635677 133710 178689 814613456362
185030 41228 656167 817122396331
32327 3865 319710 139738001215
241046 55779 746931 155627262683
690671 217640 330766 158342778515
182454 2779 424248 322950835532
878673 359501 839910 393997631791
825764 291926 488734 196484084502
857476 76818 845130 595093538614
969918 236341 585944 277419721611
641013 177344 752427 324218742806
942695 255772 211906 392340791728
643982 131346 116228 513718316457
467200 111301 569534 678703443942
638969 13410 545074 45327844099
185480 37750 344075 516750151973
295625 143802 681125 14201134682
784261 79112 938378 106200026266
797998 352859 526596 747502062995
683098 174729 181162 505209106818
266122 51193 958394 59074093903
198608 87677 932255 418530416790
422109 59547 625806 534808112787
808794 399836 276328 201577655664
958181 128130 17536 11180820832
138156 9252 746618 279922378147
265416 21536 569444 755185418965
455393 164645 731749 351084057731
986002 375525 476362 512816809906
617905 30613 107332 723923665362
824666 321408 500347 293093216337
563145 171271 679323 76592373445
127184 14542 894062 280552887668
449853 109902 900460 183973500967
840715 25813 610452 250455723389
715212 346208 565671 866933536128
25506 7091 747364 844712331742
509758 168468 831310 887222539397
543122 29186 767394 4289013999
225019 81262 783188 37415386442
391247 8184 485534 203709178472
218779 103702 260503 955291789019
35651 10483 890412 196849077553
163564 7808 869653 400078572884
345286 107669 793116 378642889544
47146 21194 927963 232837759374
472581 165015 884305 719530007781
319781 54238 200549 817538011124
949258 96 130217 173287630384
431752 187006 393515 660478992166
872228 235217 844463 726757032731
681619 171942 446822 254075713649
248249 77131 748803 910902360902
728134 157415 844577 509021391677
844779 32277 498643 783486100464
869693 134937 301660 159816722959
75774 6270 626498 476302651492
194450 59299 831075 489813449382
451089 110827 120980 190380054889
171387 83637 187684 554154802268
793526 302016 340529 226243596947
82595 8687 353347 347444797147
366053 15119 531776 917005101199
704963 293418 44882 227181443259
280308 130232 594184 677113953731
538145 43832 152978 62093410474
487860 194621 45330 571785931469
506482 211459 433077 677721808175
174707 30630 473804 297617870541
581867 110318 626096 144832781857
840359 294292 32203 692329539463
364796 22300 233674 821943873642
303069 49298 170270 115062217645
153539 76199 315047 570915231672
771784 311261 978276 273764751868
341121 127056 235913 499097121559
685845 250069 756167 472741826041
282894 16076 743086 355572377790
5562 1736 828967 169084952415
581207 147239 984741 426576874085
668777 100316 126447 437274581926
448974 110673 477918 490323830534
478482 174376 953393 666515941681
163179 64162 951366 525734985686
837214 24744 641292 307327764988
180852 48824 767978 669579077075
